,city,% cloudiness,country,date,% humidity,max temp,lat,lng,wind speed (MPH)
0,Bluff,0,AU,1553370141,90,69.84,-23.58,149.07,2.95
1,Namibe,48,AO,1553370143,100,78.3,-15.19,12.15,5.41
2,Hilo,40,US,1553370069,60,79.0,19.71,-155.08,4.7
3,Katsuura,20,JP,1553367600,93,37.4,33.93,134.5,6.93
4,Upernavik,24,GL,1553370150,100,-6.67,72.79,-56.15,7.2
5,Mataura,76,NZ,1553370006,91,57.0,-46.19,168.86,1.99
6,Codrington,20,AU,1553369892,93,70.0,-28.95,153.24,8.05
7,Chuy,0,UY,1553370157,79,72.18,-33.69,-53.46,6.64
8,Cherskiy,20,RU,1553370159,50,-9.37,68.75,161.3,1.95
9,Colac,36,AU,1553370128,96,60.01,-38.34,143.59,4.29
10,Vaini,0,IN,1553370163,89,65.16,15.34,74.49,1.05
11,Flinders,75,AU,1553370139,73,73.4,-34.58,150.85,11.41
12,Prince George,90,CA,1553370017,60,45.0,53.92,-122.75,6.93
13,New Norfolk,40,AU,1553370134,59,64.4,-42.78,147.06,8.05
14,Bredasdorp,44,ZA,1553369464,88,69.8,-34.53,20.04,8.05
15,Hithadhoo,88,MV,1553370177,100,86.49,-0.6,73.08,7.09
16,Souillac,0,FR,1553368570,39,64.4,45.6,-0.6,4.7
17,Porto Novo,40,BR,1553367600,51,82.4,-23.68,-45.44,3.36
18,Mahebourg,75,MU,1553369940,83,80.6,-20.41,57.7,11.41
19,Tazovskiy,88,RU,1553370186,92,22.05,67.47,78.7,5.53
20,Foso,64,GH,1553370189,96,72.27,5.7,-1.29,2.51
21,Ribeira Grande,75,PT,1553367600,58,57.2,38.52,-28.7,6.93
22,Stephenville Crossing,40,CA,1553369496,87,39.99,48.5,-58.44,10.29
23,Najran,0,SA,1553367600,26,80.6,17.54,44.22,2.51
24,Tuktoyaktuk,90,CA,1553367600,72,10.4,69.44,-133.03,20.8
25,Ushuaia,20,AR,1553367600,71,55.4,-54.81,-68.31,3.36
26,Atuona,80,PF,1553370202,100,82.35,-9.8,-139.03,16.71
27,Jamestown,92,AU,1553370205,86,64.26,-33.21,138.6,10.45
28,Vardo,1,US,1553369921,29,52.0,39.62,-77.74,19.46
29,Borger,68,NL,1553370022,81,44.6,52.92,6.79,5.82
30,Asyut,92,EG,1553370212,22,77.85,27.18,31.19,14.7
31,Rikitea,64,PF,1553370186,97,79.65,-23.12,-134.97,19.28
32,Batemans Bay,36,AU,1553370003,84,70.0,-35.71,150.18,5.01
33,Mar del Plata,64,AR,1553370219,64,60.75,-46.43,-67.52,10.56
34,Punta Arenas,40,CL,1553370192,71,55.4,-53.16,-70.91,11.41
35,Butaritari,76,KI,1553370224,100,80.82,3.07,172.79,9.44
36,Port Alfred,0,ZA,1553370223,93,69.01,-33.59,26.89,18.84
37,Albany,20,US,1553369953,47,41.0,42.65,-73.75,24.16
38,Graham,1,US,1553370217,17,64.0,36.07,-79.4,12.75
39,Barcelos,0,PT,1553369943,48,64.99,41.53,-8.62,8.05
40,Mahibadhoo,0,MV,1553370236,99,85.05,3.78,72.97,10.0
41,Severo-Kurilsk,80,RU,1553370238,99,29.97,50.68,156.12,16.49
42,Filingue,64,NE,1553370241,18,83.34,14.35,3.32,10.67
43,Plettenberg Bay,48,ZA,1553370243,92,70.02,-34.05,23.37,2.95
44,Richards Bay,44,ZA,1553370245,95,70.65,-28.77,32.06,6.53
45,Puerto Ayora,40,EC,1553369450,70,86.0,-0.74,-90.35,12.75
46,Airai,32,TL,1553370250,87,70.38,-8.93,125.41,1.5
47,Port Hedland,75,AU,1553369400,88,80.6,-20.31,118.58,43.62
48,Hakui,75,JP,1553369998,100,39.2,36.89,136.78,21.92
49,Villa Union,40,BO,1553367600,59,89.6,-10.79,-65.46,6.93
50,Port Elizabeth,1,US,1553370253,25,53.01,39.31,-74.98,28.86
51,Mosquera,75,CO,1553367600,72,62.6,4.71,-74.23,9.17
52,Atar,0,MR,1553370264,41,69.39,20.52,-13.05,5.64
53,Eirunepe,56,BR,1553370162,88,81.27,-6.66,-69.87,0.16
54,Bilibino,0,RU,1553370269,53,-11.44,68.06,166.44,2.28
55,Yulara,0,AU,1553367600,39,78.8,-25.24,130.99,8.05
56,Yeppoon,0,AU,1553367600,94,71.6,-23.13,150.74,3.74
57,Zhob,76,PK,1553370276,78,32.67,31.34,69.45,2.62
58,Praia da Vitoria,40,PT,1553369447,67,57.2,38.73,-27.07,30.13
59,Linhares,68,BR,1553370281,77,77.22,-19.38,-40.06,10.78
60,San Jose,24,PH,1553370284,91,65.97,15.79,120.99,2.39
61,Jalu,0,LY,1553370287,54,65.97,29.03,21.55,13.24
62,Georgetown,75,GY,1553367600,49,89.6,6.8,-58.16,13.87
63,Lazaro Cardenas,40,MX,1553370264,14,81.0,28.39,-105.62,8.05
64,Kruisfontein,12,ZA,1553370294,79,67.59,-34.0,24.73,6.98
65,Kahului,40,US,1553370224,57,75.99,20.89,-156.47,11.41
66,Klaksvik,80,FO,1553368800,75,42.8,62.23,-6.59,13.87
67,Lhokseumawe,0,ID,1553370157,100,83.34,5.18,97.15,9.1
68,Norton,0,ZW,1553370304,80,66.24,-17.87,30.7,11.9
69,Kandrian,88,PG,1553370307,100,74.16,-6.21,149.55,2.17
70,Bani Walid,0,LY,1553370309,83,50.94,31.76,14.0,11.9
71,Morondava,8,MG,1553370311,88,81.45,-20.3,44.28,5.75
72,Thompson,40,CA,1553367600,48,17.6,55.74,-97.86,24.16
73,Kungurtug,0,RU,1553370316,57,0.72,50.6,97.53,3.4
74,Kerema,80,PG,1553370319,96,72.27,-7.96,145.78,2.84
75,Heidelberg,0,DE,1553370311,62,54.0,49.41,8.69,11.41
76,Evensk,0,RU,1553370164,90,20.07,61.92,159.24,18.05
77,Saskylakh,0,RU,1553370325,38,-25.39,71.97,114.09,2.95
78,Fort Nelson,75,CA,1553367600,64,39.2,58.81,-122.69,4.7
79,Cape Town,0,ZA,1553370190,82,70.0,-33.93,18.42,9.17
80,Dikson,88,RU,1553370332,93,18.27,73.51,80.55,21.3
81,Lang Son,92,VN,1553370334,99,55.35,21.83,106.73,4.07
82,Kapaa,75,US,1553370334,73,75.2,22.08,-159.32,20.8
83,Carnarvon,92,ZA,1553370339,22,69.75,-30.97,22.13,2.62
84,Victoria,75,BN,1553367600,88,80.6,5.28,115.24,3.36
85,Barrow,80,AR,1553370344,96,64.44,-38.31,-60.23,14.25
86,Hofn,88,IS,1553370346,100,39.69,64.25,-15.21,21.41
87,Tiksi,68,RU,1553370348,84,-0.01,71.64,128.87,2.95
88,Egvekinot,88,RU,1553370351,69,0.45,66.32,-179.17,5.3
89,Saint-Philippe,1,CA,1553370314,58,37.99,45.36,-73.48,8.05
90,Nioro,56,GM,1553370356,57,80.82,13.79,-15.05,2.62
91,Los Llanos de Aridane,75,ES,1553370001,63,64.4,28.66,-17.92,14.99
92,Akhmim,80,EG,1553370361,26,74.97,26.56,31.74,8.32
93,Busselton,68,AU,1553370339,55,51.01,-33.64,115.35,12.68
94,Harper,90,US,1553370327,93,66.99,30.3,-99.24,6.93
95,Kichmengskiy Gorodok,0,RU,1553370368,92,27.9,59.99,45.81,7.43
96,Nikolayevka,88,RU,1553370371,100,39.24,46.73,38.57,15.37
97,Bambous Virieux,75,MU,1553370239,83,80.6,-20.34,57.76,11.41
98,Marsh Harbour,0,BS,1553370375,100,74.25,26.54,-77.06,7.76
99,Kaeo,0,NZ,1553369885,95,57.99,-35.1,173.78,4.07
100,Isangel,92,VU,1553370381,100,78.21,-19.55,169.27,16.04
101,Tongzi,92,CN,1553370383,90,48.6,28.78,105.09,2.95
102,Saldanha,0,PT,1553370386,47,54.81,41.42,-6.55,7.65
103,Naze,75,NG,1553367600,74,86.0,5.43,7.07,11.41
104,Alihe,0,CN,1553370390,74,16.65,50.57,123.73,5.97
105,Rio Grande,40,BR,1553367600,47,78.8,-32.03,-52.1,9.17
106,Cap Malheureux,75,MU,1553370239,83,80.6,-19.98,57.61,11.41
107,Lebu,40,ET,1553367600,34,66.2,8.96,38.73,4.7
108,Yarada,0,IN,1553370400,100,81.45,17.65,83.27,7.2
109,Hobart,40,AU,1553370134,59,64.4,-42.88,147.33,8.05
110,Yellowknife,20,CA,1553370170,50,8.01,62.45,-114.38,9.17
111,Chifeng,0,CN,1553370407,63,26.64,42.27,118.96,8.66
112,Goma,0,CD,1553370410,100,57.15,-1.67,29.23,2.62
113,Atikokan,0,CA,1553370412,43,48.24,48.76,-91.62,8.55
114,Hefei,0,CN,1553367600,81,42.8,31.82,117.22,4.47
115,Cayenne,75,GF,1553369400,70,84.2,4.94,-52.33,12.75
116,Fallon,1,US,1553367360,66,51.8,46.84,-105.12,4.7
117,Luderitz,20,NA,1553370422,91,60.21,-26.65,15.16,8.99
118,Cidreira,0,BR,1553370424,79,71.01,-30.17,-50.22,5.41
119,Kaminskiy,12,RU,1553370427,75,19.62,57.16,41.47,2.62
120,Kavaratti,0,IN,1553370429,100,83.34,10.57,72.64,8.21
121,Vila Velha,75,BR,1553370235,83,81.0,-3.71,-38.6,10.29
122,Bitung,20,ID,1553369400,94,73.4,1.44,125.19,3.36
123,Hammerfest,12,NO,1553368800,74,33.8,70.66,23.68,10.29
124,Ostrovnoy,0,RU,1553370438,86,30.42,68.05,39.51,23.87
125,Inndyr,75,NO,1553370328,86,41.0,67.03,14.03,41.38
126,Shingu,0,JP,1553370443,100,47.34,33.72,135.99,17.16
127,Ballina,0,IE,1553370183,81,46.0,54.11,-9.15,5.82
128,Kamenka,88,RU,1553369988,76,37.0,53.19,44.05,9.66
129,Mnogovershinnyy,0,RU,1553370397,47,-8.92,53.94,139.92,3.4
130,Castro,75,CL,1553367600,76,57.2,-42.48,-73.76,3.36
131,Sao Jose da Coroa Grande,32,BR,1553370200,89,80.1,-8.9,-35.15,8.66
132,Half Moon Bay,40,US,1553370441,58,62.01,37.46,-122.43,13.87
133,Elliot,36,ZA,1553370459,72,52.56,-31.33,27.85,3.51
134,Nizhnyaya Omka,56,RU,1553370461,69,18.54,55.43,74.94,4.29
135,Maler Kotla,0,IN,1553370464,89,58.5,30.52,75.88,3.18
136,Storforshei,88,NO,1553370207,93,36.0,66.4,14.52,3.0
137,Broome,0,GB,1553370427,75,46.0,52.47,1.45,3.36
138,Nikolskoye,90,RU,1553370335,93,39.0,59.7,30.79,6.71
139,Saint Albans,1,US,1553370418,58,37.0,44.81,-73.08,8.05
140,Qaanaaq,8,GL,1553370476,93,-21.88,77.48,-69.36,10.78
141,Tasiilaq,20,GL,1553367000,61,14.0,65.61,-37.64,16.11
142,Tara,40,JP,1553370304,100,48.0,33.0,130.15,6.93
143,Severnoye,12,RU,1553370483,69,15.12,54.09,52.54,2.73
144,Vila Franca do Campo,75,PT,1553370471,87,55.0,37.72,-25.43,26.4
145,Santiago Atitlan,40,GT,1553367600,55,87.8,14.64,-91.23,11.41
146,Fortuna,0,ES,1553370375,72,59.0,38.18,-1.13,6.93
147,Narsaq,75,GL,1553367000,52,17.6,60.91,-46.05,5.82
148,Artigas,0,BR,1553370495,55,76.95,-30.4,-56.46,2.95
149,Pacific Grove,1,US,1553370324,67,63.0,36.62,-121.92,11.41
150,Dauriya,0,RU,1553370499,56,21.42,49.93,116.85,12.46
151,Port Lincoln,64,AU,1553370313,100,60.3,-34.72,135.86,4.97
152,Hervey Bay,0,AU,1553370308,94,72.0,-25.3,152.85,5.82
153,Lorengau,88,PG,1553370506,100,82.08,-2.02,147.27,12.24
154,Kavieng,36,PG,1553370248,100,82.8,-2.57,150.8,9.44
155,Sitka,0,US,1553370318,50,63.0,37.17,-99.65,10.0
156,Nishihara,1,JP,1553370484,74,43.0,35.74,139.53,6.08
157,Guerrero Negro,0,MX,1553370515,49,72.0,27.97,-114.04,11.01
158,Mogadishu,76,SO,1553370518,100,81.45,2.04,45.34,14.81
159,Esperance,20,TT,1553370338,48,87.8,10.24,-61.45,14.99
160,Khartoum,0,SD,1553369400,13,86.0,15.59,32.54,3.36
161,Bilma,56,NE,1553370525,12,79.2,18.69,12.92,13.02
162,Maldonado,32,UY,1553370527,72,72.63,-34.91,-54.96,5.64
163,Thinadhoo,92,MV,1553370529,100,84.6,0.53,72.93,8.21
164,Dingle,0,PH,1553370532,73,76.05,11.0,122.67,13.35
165,Vredendal,36,ZA,1553370534,80,60.75,-31.68,18.49,2.84
166,Palana,12,RU,1553370536,61,20.7,59.08,159.95,7.65
167,Torbay,75,CA,1553370514,61,48.2,47.66,-52.73,13.87
168,Kalat,88,PK,1553370541,83,45.45,29.03,66.58,2.62
169,Roela,80,EE,1553370543,95,36.18,59.17,26.59,10.22
170,Llanes,0,ES,1553370377,91,57.0,43.42,-4.75,0.94
171,Chima,68,CO,1553370548,87,69.75,6.34,-73.37,2.17
172,Grand Gaube,75,MU,1553370540,83,80.6,-20.01,57.66,11.41
173,Caravelas,88,BR,1553370553,100,80.55,-17.73,-39.27,19.73
174,Vilhena,40,BR,1553367600,74,84.2,-12.74,-60.15,10.29
175,Sur,24,OM,1553370557,93,72.99,22.57,59.53,3.85
176,San Patricio,0,PY,1553370560,68,78.3,-26.98,-56.83,2.39
177,Bathsheba,20,BB,1553367600,58,84.2,13.22,-59.52,18.34
178,Tautira,40,PF,1553370188,74,86.0,-17.73,-149.15,11.41
179,Mansehra,8,PK,1553370566,68,43.11,34.33,73.2,4.41
180,Coolum Beach,0,AU,1553370324,81,73.0,-26.53,153.09,2.95
181,Buin,0,CL,1553370247,30,84.2,-33.73,-70.74,6.93
182,Kupang,12,ID,1553370574,96,81.27,-10.16,123.6,8.99
183,Yamada,75,JP,1553370520,100,39.2,36.58,137.08,21.92
184,Akdepe,0,TM,1553367600,76,50.0,42.05,59.39,4.7
185,Golden,75,CA,1553370390,52,44.6,51.3,-116.96,3.36
186,Mayor Pablo Lagerenza,32,PY,1553370583,65,86.67,-19.93,-60.77,5.08
187,Kitgum,0,UG,1553370585,46,69.75,3.3,32.88,6.2
188,Rancho San Diego,0,MX,1553370322,25,79.0,30.59,-112.28,1.99
189,Cherepovets,40,RU,1553367600,80,33.8,59.13,37.92,4.47
190,Honningsvag,8,NO,1553370592,90,29.97,70.98,25.97,10.33
191,Samfya,56,ZM,1553370595,72,73.26,-11.37,29.56,10.89
192,Sambava,68,MG,1553370597,100,81.72,-14.27,50.17,13.91
193,Pangai,20,TO,1553370600,100,79.65,-19.8,-174.35,14.58
194,Les Cayes,0,HT,1553370602,94,81.0,18.19,-73.75,10.56
195,Bridgetown,90,CA,1553370337,93,39.0,44.84,-65.29,16.11
196,Morehead,1,US,1553370375,14,55.0,38.18,-83.43,3.62
197,Caarapo,0,BR,1553370609,81,81.45,-22.63,-54.82,3.18
198,Iquique,0,CL,1553367600,60,73.4,-20.22,-70.14,13.87
199,Port Hardy,75,CA,1553367600,71,50.0,50.7,-127.42,8.05
200,Malampaka,20,TZ,1553370616,89,63.45,-3.14,33.52,3.06
201,Bethel,75,US,1553367360,85,39.2,60.79,-161.76,9.17
202,Petrovsk-Zabaykalskiy,12,RU,1553370621,74,26.55,51.27,108.84,5.86
203,Acapulco,5,MX,1553366460,55,87.8,16.86,-99.88,2.24
204,Preston,0,GB,1553370613,75,45.0,53.76,-2.71,5.82
205,Kijang,0,KR,1553367600,64,33.8,35.24,129.21,8.05
206,Hermanus,76,ZA,1553370367,86,70.0,-34.42,19.24,1.01
207,Ialibu,56,PG,1553370633,97,52.47,-6.28,143.99,1.39
208,Cilegon,40,ID,1553370193,78,78.8,-6.02,106.05,13.87
209,Vao,80,EE,1553370637,95,36.18,59.1,26.19,10.22
210,Witu,0,KE,1553370640,88,76.23,-2.39,40.44,5.75
211,Ilhabela,0,BR,1553370614,99,79.2,-23.78,-45.36,11.68
212,Taltal,0,CL,1553370644,71,69.75,-25.41,-70.49,3.85
213,Mao,40,DO,1553370395,40,91.99,19.55,-71.08,20.8
214,Merzifon,75,TR,1553368800,74,35.6,40.87,35.46,14.99
215,Umm Lajj,20,SA,1553370651,79,67.05,25.02,37.27,3.29
216,Belmonte,12,PT,1553370358,64,54.0,40.36,-7.35,6.64
217,Khatanga,8,RU,1553370656,28,-19.36,71.98,102.47,3.06
218,Skjervoy,88,NO,1553370658,99,36.9,70.03,20.97,13.69
219,Avera,1,US,1553370635,31,72.0,33.19,-82.53,4.7
220,Ayaviri,48,PE,1553370663,50,54.54,-14.88,-70.59,4.41
221,Lata,12,IN,1553370666,58,42.75,30.78,78.62,2.62
222,Teguise,20,ES,1553369400,68,64.4,29.06,-13.56,20.8
223,Zhanaozen,0,KZ,1553370670,90,38.79,43.35,52.85,7.65
224,Shihezi,64,CN,1553370673,74,21.6,44.3,86.03,3.96
225,Nefteyugansk,90,RU,1553367600,100,30.2,61.09,72.61,2.24
226,Leningradskiy,88,RU,1553370678,86,-6.22,69.38,178.42,20.29
227,Churapcha,44,RU,1553370681,65,-1.09,62.0,132.43,4.85
228,Kodiak,90,US,1553370504,25,54.0,39.95,-94.76,10.29
229,Chulman,76,RU,1553370687,84,8.37,56.84,124.9,2.62
230,Dom Pedrito,0,BR,1553370608,58,76.32,-30.98,-54.67,1.16
231,Indiana,1,US,1553370780,35,48.0,40.62,-79.15,13.87
232,Tuatapere,92,NZ,1553370606,91,57.99,-46.13,167.69,1.01
233,Khovu-Aksy,0,RU,1553370753,63,5.31,51.13,93.72,3.4
234,Boddam,0,GB,1553370723,56,43.0,57.47,-1.78,6.93
235,Iqaluit,90,CA,1553370167,84,5.0,63.75,-68.52,35.57
236,Gejiu,80,CN,1553370763,76,55.35,23.36,103.16,1.72
237,Concordia,40,AR,1553369814,47,81.0,-31.4,-58.02,6.93
238,Carlyle,75,CA,1553367600,71,53.6,49.63,-102.27,4.7
239,Nabari,20,JP,1553370435,89,42.8,34.63,136.11,23.04
240,Nanortalik,36,GL,1553370775,100,22.68,60.14,-45.24,11.45
241,Beringovskiy,92,RU,1553370777,91,8.91,63.05,179.32,20.07
242,Muros,0,ES,1553370761,47,59.0,42.77,-9.06,4.7
243,Tabou,68,CI,1553370782,94,83.97,4.42,-7.36,6.87
244,Makkaveyevo,0,RU,1553367600,58,24.8,51.75,113.95,8.95
245,Liverpool,0,GB,1553370614,80,45.0,53.41,-2.98,3.36
246,Brae,80,GB,1553368800,75,44.6,60.4,-1.35,19.46
247,Pochutla,20,MX,1553370327,55,90.0,15.74,-96.47,11.41
248,Ewa Beach,90,US,1553370577,61,77.0,21.32,-158.01,5.82
249,Kenai,90,US,1553370424,86,44.01,60.55,-151.26,5.82
250,Bonavista,92,CA,1553370385,75,45.0,48.65,-53.11,5.99
251,Necochea,56,AR,1553370414,38,81.0,-38.55,-58.74,8.99
252,Ust-Tsilma,92,RU,1553370808,75,32.94,65.44,52.15,11.56
253,Bontang,48,ID,1553370810,99,80.82,0.12,117.47,10.22
254,Awbari,20,LY,1553370813,41,55.17,26.59,12.77,6.08
255,Vientiane,0,LA,1553370815,62,77.94,17.96,102.61,11.34
256,Husavik,0,CA,1553370605,68,46.99,50.56,-96.99,8.99
257,Sinnar,0,IN,1553370680,63,61.47,19.85,74.0,2.39
258,Rio Verde de Mato Grosso,0,BR,1553370822,40,88.74,-18.92,-54.84,6.2
259,Padang,24,ID,1553370824,100,78.75,-0.92,100.36,3.96
260,Batticaloa,0,LK,1553370827,100,77.31,7.71,81.69,3.74
261,Geraldton,5,CA,1553367600,19,48.2,49.72,-86.95,16.11
262,Paragominas,92,BR,1553370832,80,81.54,-3.0,-47.35,4.97
263,Petropavlovsk-Kamchatskiy,40,RU,1553367600,78,32.0,53.05,158.65,15.66
264,Thanh Hoa,20,VN,1553367600,100,78.8,10.21,106.33,1.12
265,East London,0,ZA,1553370840,91,76.5,-33.02,27.91,25.77
266,Svetlogorsk,88,RU,1553367600,92,26.6,53.14,59.15,2.24
267,Comodoro Rivadavia,75,AR,1553367600,72,59.0,-45.87,-67.48,8.05
268,Bitkine,56,TD,1553370847,23,83.43,11.98,18.21,7.2
269,Terrace Bay,40,CA,1553369760,80,33.8,48.78,-87.1,6.93
270,Chokurdakh,44,RU,1553370596,49,-17.11,70.62,147.9,2.95
271,Port Blair,8,IN,1553370614,100,82.35,11.67,92.75,8.66
272,Anchorage,75,US,1553370851,75,48.99,61.22,-149.89,4.97
273,Arraial do Cabo,40,BR,1553367600,69,82.4,-22.97,-42.02,9.17
274,Beloha,12,MG,1553370861,77,76.05,-25.17,45.06,17.27
275,Norman Wells,75,CA,1553367600,63,28.4,65.28,-126.83,23.04
276,Buala,36,SB,1553370865,96,80.64,-8.15,159.59,4.63
277,Nantucket,1,US,1553370700,42,50.0,41.28,-70.1,21.92
278,Tuburan,20,PH,1553367600,74,78.8,10.73,123.82,5.82
279,Aklavik,75,CA,1553367600,67,17.6,68.22,-135.01,20.8
280,Alofi,68,NU,1553367600,74,78.8,-19.06,-169.92,5.82
281,Moree,90,AU,1553370362,50,78.8,-29.46,149.84,6.93
282,Yangambi,76,CD,1553370879,99,72.36,0.77,24.47,1.95
283,Port-Gentil,40,GA,1553367600,88,82.4,-0.72,8.78,6.93
284,Seymchan,44,RU,1553370885,65,-1.54,62.93,152.39,2.62
285,Sorland,92,NO,1553370888,98,40.05,67.67,12.69,45.68
286,Sheridan,75,US,1553370882,61,52.0,39.65,-105.03,11.41
287,Kampot,20,KH,1553367600,88,78.8,10.62,104.18,2.24
288,Ketchikan,90,US,1553367360,81,48.2,55.34,-131.65,20.8
289,Doctor Arroyo,0,MX,1553370897,30,75.69,23.67,-100.18,3.18
290,Birecik,0,TR,1553368800,76,52.0,37.03,37.98,3.06
291,Puerto Suarez,40,BO,1553367600,56,95.0,-18.96,-57.8,4.7
292,Namatanai,48,PG,1553370905,100,80.64,-3.66,152.44,8.77
293,Green River,75,US,1553370326,60,42.01,41.53,-109.47,17.22
294,Vanavara,0,RU,1553370910,71,5.67,60.35,102.28,3.74
295,Hunucma,75,MX,1553370420,31,89.6,21.02,-89.88,6.93
296,Broken Hill,90,AU,1553367600,53,73.4,-31.97,141.45,8.05
297,Bahia Blanca,92,AR,1553370739,55,73.35,-38.72,-62.27,16.15
298,Marrakesh,75,MA,1553369400,34,68.0,31.63,-7.99,6.93
299,Cairns,40,AU,1553370917,83,78.8,-16.92,145.77,8.05
300,Vasteras,0,SE,1553370919,56,44.01,59.62,16.55,16.11
301,Vibo Valentia,0,IT,1553370902,81,59.0,38.68,16.09,2.24
302,Yumen,0,CN,1553370930,58,22.68,40.29,97.04,6.98
303,Gabu,24,CN,1553370932,74,9.99,34.78,103.0,2.62
304,Champerico,5,MX,1553370420,29,91.4,16.38,-93.6,8.05
305,Provideniya,92,RU,1553370937,100,16.74,64.42,-173.23,18.05
306,Saint-Augustin,0,FR,1553370351,38,60.8,44.83,-0.61,9.17
307,Faya,0,SA,1553367600,48,64.4,18.39,42.45,4.7
308,Sonoita,1,US,1553370942,19,73.99,31.68,-110.66,6.93
309,Sicuani,44,PE,1553370947,77,51.57,-14.27,-71.23,3.62
310,Singkang,75,MY,1553367600,83,80.6,2.1,102.8,3.36
311,Marzuq,0,YE,1553370952,89,53.64,14.4,46.47,2.51
312,Chilliwack,40,CA,1553370911,66,59.0,49.17,-121.95,4.7
313,Ilulissat,75,GL,1553367000,36,-4.01,69.22,-51.1,12.75
314,Kirakira,76,SB,1553370959,100,83.43,-10.46,161.92,11.68
315,Avarua,68,CK,1553367600,74,84.2,-21.21,-159.78,3.36
316,Gushikawa,75,JP,1553370790,51,62.6,26.35,127.87,6.93
317,Kalmunai,0,LK,1553370966,96,72.09,7.42,81.82,2.39
318,Bandarbeyla,92,SO,1553370968,100,80.64,9.49,50.81,9.78
319,Coihaique,20,CL,1553367600,51,60.8,-45.58,-72.07,10.29
320,Vostok,0,RU,1553370973,57,-2.89,46.45,135.83,2.39
321,Faanui,8,PF,1553370975,100,83.97,-16.48,-151.75,9.44
322,Lagoa,0,PT,1553370814,63,64.0,37.14,-8.45,9.17
323,Susanville,90,US,1553370555,75,42.8,40.42,-120.65,12.75
324,Marawi,20,PH,1553370313,87,73.0,8.0,124.29,4.0
325,Gualeguay,8,AR,1553370985,45,79.11,-33.15,-59.31,5.41
326,Tulun,88,RU,1553370987,91,24.66,54.56,100.58,2.84
327,Sao Filipe,0,CV,1553370989,97,70.65,14.9,-24.5,14.47
328,Trujillo,75,PE,1553367600,78,71.6,-8.11,-79.03,11.41
329,Hami,0,CN,1553370994,42,33.21,42.84,93.51,8.1
330,Kodinsk,8,RU,1553370997,83,13.86,58.6,99.18,2.51
331,Alyangula,75,AU,1553367600,83,84.2,-13.85,136.42,10.29
332,Timberlake,1,US,1553370943,26,73.4,32.26,-81.31,3.36
333,Boden,0,SE,1553368800,55,37.4,65.83,21.69,11.41
334,Sale,88,GB,1553370975,65,45.0,53.42,-2.32,3.36
335,Pandan,0,PH,1553371010,100,78.75,11.72,122.09,21.52
336,Kendari,56,ID,1553371013,93,72.99,-3.99,122.52,2.84
337,Lavrentiya,92,RU,1553371015,100,15.3,65.58,-170.99,12.8
338,Lander,20,US,1553370407,26,57.0,42.83,-108.73,9.17
339,Biak,76,ID,1553371020,98,79.02,-0.91,122.88,2.62
340,Timbuktu,56,ML,1553371022,26,76.41,16.77,-3.01,4.97
341,Labuhan,88,ID,1553371024,95,72.45,-2.54,115.51,1.39
342,Daru,64,SL,1553371027,76,75.87,7.99,-10.85,8.77
343,Ahipara,0,NZ,1553371030,90,67.59,-35.17,173.16,4.74
344,Inhambane,36,MZ,1553370940,86,78.84,-23.87,35.38,12.8
345,Dusti,75,TJ,1553367600,93,46.4,37.35,68.68,4.63
346,Pringsewu,64,ID,1553371037,91,73.71,-5.36,104.98,2.17
347,Aswan,0,EG,1553367600,32,82.4,24.09,32.9,8.05
348,Pundaguitan,8,PH,1553371042,100,79.02,6.37,126.17,8.99
349,Pueblo Bello,40,CO,1553367600,70,84.2,8.2,-76.53,19.46
350,Meulaboh,32,ID,1553371046,100,77.85,4.14,96.13,3.4
351,Opuwo,20,NA,1553371049,50,74.7,-18.06,13.84,3.51
352,Manaure,20,CO,1553367600,70,84.2,11.78,-72.45,18.34
353,Ukiah,40,US,1553370875,50,61.0,39.15,-123.21,6.93
354,Bambanglipuro,32,ID,1553371055,94,71.28,-7.95,110.28,2.95
355,Tromso,40,NO,1553370600,64,37.4,69.65,18.96,43.62
356,Barpali,0,IN,1553371060,65,69.84,21.2,83.58,4.41
357,Mount Gambier,90,AU,1553367600,100,59.0,-37.83,140.78,3.51
358,Isabela,0,PH,1553371065,94,70.74,10.2,122.99,3.51
359,Shubarshi,76,KZ,1553371067,72,36.45,48.59,57.19,5.08
360,Nuuk,75,GL,1553367000,43,15.8,64.17,-51.74,16.11
361,Tura,0,IN,1553371072,72,59.4,25.52,90.21,1.39
362,Areosa,0,PT,1553371061,44,64.0,41.72,-8.86,8.05
363,Luena,8,AO,1553371076,47,69.93,-11.78,19.91,6.42
364,Kutum,32,SD,1553371079,32,69.3,14.2,24.66,5.19
365,Srednekolymsk,12,RU,1553371081,52,-4.24,67.46,153.71,2.39
366,Nadym,76,RU,1553371083,93,25.65,65.53,72.51,6.42
367,Santa Vitoria do Palmar,0,BR,1553371086,79,72.18,-33.52,-53.37,6.64
368,Ulaanbaatar,0,MN,1553367600,47,14.0,47.92,106.92,2.24
369,Hyeres,0,FR,1553371084,81,55.0,43.12,6.14,4.7
370,Bemidji,1,US,1553370374,43,52.0,47.48,-94.89,6.93
371,Kudahuvadhoo,24,MV,1553371098,100,84.69,2.67,72.89,10.33
372,Ternate,20,PH,1553370308,69,79.0,14.29,120.72,4.7
373,Gat,0,SN,1553369400,68,68.0,14.69,-16.54,18.34
374,Tual,20,ID,1553371105,100,79.74,-5.67,132.75,15.37
375,Menongue,92,AO,1553371107,62,71.1,-14.66,17.68,1.95
376,Albert Lea,1,US,1553371105,57,53.6,43.65,-93.37,4.7
377,Nurota,75,UZ,1553367600,93,46.4,40.56,65.69,2.24
378,Tupanatinga,68,BR,1553371052,83,76.32,-8.75,-37.34,3.06
379,Acaponeta,0,MX,1553371116,60,82.98,22.49,-105.36,9.44
380,Vallenar,8,CL,1553371119,70,71.37,-28.58,-70.76,2.95
381,Horadiz,0,AZ,1553367600,100,44.6,39.45,47.33,6.93
382,Lompoc,90,US,1553370776,93,63.0,34.64,-120.46,3.36
383,Wattegama,0,LK,1553371128,91,65.16,7.35,80.68,2.51
384,Davila,8,PH,1553371130,97,76.77,18.47,120.58,24.54
385,Selkirk,20,CA,1553370923,90,46.99,50.15,-96.88,9.17
386,Constantine,20,DZ,1553369400,87,48.2,36.36,6.61,1.95
387,Ngunguru,44,NZ,1553369885,95,57.99,-35.62,174.5,6.42
388,Longyearbyen,0,NO,1553370600,61,17.6,78.22,15.63,12.75
389,Yerbogachen,44,RU,1553371143,60,6.84,61.28,108.01,6.31
390,Tuy Hoa,92,VN,1553371146,100,74.79,13.08,109.3,4.18
391,Port Moresby,56,PG,1553371149,100,78.75,-9.47,147.16,8.66
392,Pevek,0,RU,1553371151,80,-18.55,69.7,170.27,2.62
393,Mount Pleasant,90,US,1553370660,49,73.99,33.16,-94.97,11.41
394,Nemuro,0,JP,1553371137,100,27.0,43.32,145.57,10.67
395,Camp Verde,1,US,1553371025,38,68.0,34.56,-111.85,5.82
396,La Asuncion,92,EC,1553371162,98,52.74,-1.64,-78.74,2.28
397,Carutapera,88,BR,1553371164,86,80.1,-1.2,-46.02,8.55
398,Bowling Green,1,US,1553371034,21,63.0,36.99,-86.44,5.82
399,Bintulu,75,MY,1553367600,100,77.0,3.17,113.03,4.7
400,Manta,0,RO,1553371171,76,38.07,45.1,24.1,4.97
401,Palu,88,ID,1553371174,95,65.97,-0.9,119.87,1.5
402,Salinas,75,US,1553371163,59,63.0,36.67,-121.66,6.93
403,Hobyo,64,SO,1553371179,87,79.92,5.35,48.53,12.57
404,Vavuniya,8,LK,1553371182,91,72.27,8.76,80.5,3.4
405,Laguna,5,MX,1553366700,29,77.0,27.52,-110.01,5.82
406,Kiama,75,AU,1553371169,73,73.4,-34.67,150.86,11.41
407,Te Anau,88,NZ,1553371190,76,56.97,-45.41,167.72,3.74
408,Sernur,12,RU,1553371192,81,25.74,56.93,49.15,2.95
409,Lapua,0,FI,1553371029,64,41.0,62.97,23.01,9.17
410,Portland,90,US,1553371066,71,57.0,45.52,-122.67,3.36
411,Gurlan,90,UZ,1553367600,66,53.6,41.84,60.39,6.93
412,Sorong,68,ID,1553371077,100,79.65,-0.86,131.25,6.2
413,Ambilobe,88,MG,1553371206,100,73.44,-13.19,49.05,4.18
414,Khasan,0,RU,1553371210,100,21.24,42.43,130.64,5.08
415,Colesberg,88,ZA,1553371215,38,65.25,-30.72,25.1,4.74
416,Ca Mau,76,VN,1553371218,98,77.85,9.18,105.15,6.76
417,Barcarena,75,BR,1553371200,78,82.4,-1.51,-48.62,8.05
418,Getulio Vargas,0,UY,1553371223,70,73.08,-32.68,-53.55,5.41
419,Baft,32,IR,1553371226,90,27.63,29.23,56.61,2.95
420,Coquimbo,75,CL,1553367600,72,62.6,-29.95,-71.34,11.41
421,Wanning,0,AT,1553371024,61,52.0,48.64,13.53,4.7
422,Ponta do Sol,88,BR,1553371232,73,75.06,-20.63,-46.0,3.18
423,Venustiano Carranza,5,MX,1553370785,20,84.2,19.42,-99.11,9.17
424,Havoysund,12,NO,1553368800,74,33.8,71.0,24.66,10.29
425,Kaitangata,92,NZ,1553371243,82,59.67,-46.28,169.85,5.75
426,Vermilion,20,CA,1553367600,65,44.6,53.35,-110.85,10.29
427,Mandali,92,IQ,1553371248,72,54.36,33.75,45.55,5.64
428,Teya,75,MX,1553370420,31,89.6,21.05,-89.07,6.93
429,Dunedin,56,NZ,1553370810,75,63.0,-45.87,170.5,5.99
430,Waipawa,0,NZ,1553370736,93,57.0,-39.94,176.59,4.07
431,Marsabit,0,KE,1553371258,60,75.6,2.34,37.99,6.87
432,Beaverlodge,75,CA,1553367600,64,39.2,55.21,-119.43,6.93
433,Sitborice,0,CZ,1553371234,62,55.4,49.01,16.78,3.36
434,Hualmay,44,PE,1553371267,69,75.6,-11.1,-77.61,4.41
435,Baykit,80,RU,1553371269,75,18.27,61.68,96.39,3.74
436,Xuddur,0,SO,1553371271,47,76.5,4.12,43.89,9.22
437,Walvis Bay,0,NA,1553367727,82,63.0,-22.95,14.51,8.05
438,Port Macquarie,40,AU,1553370904,100,70.0,-31.43,152.91,5.64
439,Cabo San Lucas,5,MX,1553371267,50,82.0,22.89,-109.91,8.05
440,Shebunino,0,RU,1553369400,92,26.6,57.66,40.04,2.24
441,Seydi,0,NE,1553371283,48,78.84,13.34,7.75,3.85
442,Tianpeng,92,CN,1553371285,100,46.89,28.88,112.34,8.99
443,Nueva Loja,90,EC,1553367600,83,78.8,0.08,-76.88,5.82
444,Sulangan,80,PH,1553371290,100,79.47,11.14,123.72,17.83
445,Luanda,40,AO,1553367600,74,82.4,-8.83,13.24,6.93
446,Porto Belo,20,BR,1553371200,69,82.0,-27.15,-48.54,12.75
447,Freeport,20,BS,1553367600,50,78.8,26.54,-78.7,9.17
448,Saint George,0,GR,1553367000,75,46.4,39.45,22.34,2.39
449,La Ciotat,0,FR,1553371294,47,62.01,43.17,5.6,4.7
450,Fukue,20,JP,1553371247,100,42.8,35.03,136.69,24.16
451,Veisiejai,92,LT,1553371202,91,48.99,54.1,23.7,12.8
452,Clyde River,75,CA,1553367600,75,-18.41,70.47,-68.59,14.99
453,Ola,32,RU,1553371313,87,19.53,59.58,151.3,22.41
454,Chumikan,0,RU,1553371316,56,5.67,54.72,135.31,7.76
455,Mlimba,36,TZ,1553371318,95,70.11,-8.78,35.81,2.62
456,Makakilo City,75,US,1553371216,69,75.2,21.35,-158.09,4.7
457,Kloulklubed,40,PW,1553370600,88,75.2,7.04,134.26,12.12
458,Barabai,56,ID,1553371333,96,73.17,-2.59,115.38,2.28
459,Jinka,92,ET,1553371336,46,72.0,5.79,36.57,1.72
460,Kaman,44,TR,1553371338,39,36.54,39.36,33.73,12.57
461,San Cristobal,75,EC,1553371294,72,66.2,-0.39,-78.55,17.22
462,Swinford,0,IE,1553371325,81,46.0,53.94,-8.95,5.82
463,Zhigansk,56,RU,1553371109,82,7.56,66.77,123.37,8.21
464,Molokovo,76,RU,1553371348,94,32.58,58.16,36.77,12.01
465,Shar,80,NG,1553371351,72,82.35,7.3,8.73,11.56
466,Miraflores,80,CO,1553371354,87,57.87,5.2,-73.14,2.39
467,Pokhvistnevo,12,RU,1553371358,75,16.65,53.65,52.12,2.84
468,Batagay-Alyta,44,RU,1553371360,62,-9.91,67.8,130.41,2.73
469,Ruwi,40,OM,1553367000,94,75.2,23.6,58.55,3.36
470,Kikwit,92,CD,1553371364,95,71.82,-5.04,18.82,3.62
471,Picota,40,PE,1553367600,290,87.8,-6.92,-76.33,9.17
472,Vila,0,IT,1553371343,35,61.0,45.18,8.4,1.12
473,Mutis,44,CO,1553371372,81,82.35,6.23,-77.4,8.99
474,Hearst,0,CA,1553371374,53,43.92,49.69,-83.67,10.0
475,Cabedelo,20,BR,1553367600,70,86.0,-6.97,-34.84,9.17
476,Worland,40,US,1553371261,28,61.0,44.02,-107.96,4.85
477,Snezhnogorsk,0,RU,1553369400,84,33.8,69.19,33.23,4.47
478,La Plata,0,AR,1553371103,44,82.0,-34.92,-57.95,10.29
479,Havre-Saint-Pierre,90,CA,1553370300,86,26.6,50.23,-63.6,19.46
480,Banda Aceh,0,ID,1553371388,97,74.34,5.56,95.32,1.05
481,Bira,0,RU,1553371391,66,-6.04,49.0,132.47,2.28
482,Rome,0,IT,1553371126,66,57.99,41.89,12.48,1.12
483,Sechura,0,PE,1553371404,64,81.45,-5.56,-80.82,14.92
484,Mwene-Ditu,36,CD,1553371407,93,69.57,-7.01,23.45,2.95
485,Taoudenni,36,ML,1553371409,15,76.32,22.68,-3.98,10.22
486,Tiznit,80,MA,1553371412,100,58.95,29.7,-9.73,6.87
487,Moengo,44,SR,1553371415,52,86.58,5.62,-54.4,5.97
488,Hamilton,75,BM,1553371118,72,69.01,32.3,-64.78,17.22
489,Dabakala,44,CI,1553371420,42,86.67,8.36,-4.43,6.31
490,Chapais,1,CA,1553367600,32,24.8,49.78,-74.86,13.87
491,Bolobo,92,CD,1553371425,100,70.56,-2.17,16.23,1.72
492,Marsa Matruh,20,EG,1553367600,77,62.6,31.35,27.25,11.41
493,Jacmel,20,HT,1553367600,55,87.8,18.24,-72.54,12.75
494,Tokyo,20,JP,1553371135,41,43.0,35.68,139.76,4.7
495,Sao Felix do Xingu,68,BR,1553371205,83,81.0,-6.64,-51.99,2.62
496,Grootfontein,92,NA,1553371436,33,78.39,-19.56,18.1,4.97
497,Margate,20,AU,1553371394,63,62.6,-43.03,147.26,6.93
498,Calabozo,0,VE,1553371264,29,97.92,8.92,-67.43,11.68
499,Villa Sandino,20,NI,1553367600,55,89.6,12.05,-84.99,11.41
500,Inverell,8,AU,1553371281,88,66.99,-29.78,151.11,5.41
501,Vizinga,8,RU,1553371448,94,28.44,61.08,50.08,7.43
502,Sisimiut,44,GL,1553371213,73,-7.3,66.94,-53.67,1.72
503,Hasaki,20,JP,1553371340,92,30.0,35.73,140.83,2.24
504,Manicore,8,BR,1553371455,97,79.29,-5.81,-61.3,2.17
505,Yar-Sale,8,RU,1553371457,76,11.52,66.83,70.83,2.84
506,Haines Junction,44,CA,1553371460,54,44.64,60.75,-137.51,4.41
507,Xunchang,100,CN,1553371462,87,45.63,28.45,104.71,2.51
508,Nouadhibou,0,MR,1553367600,77,68.0,20.93,-17.03,13.87
509,Grindavik,75,IS,1553370399,100,37.0,63.84,-22.43,25.28
510,Koulikoro,0,ML,1553369400,31,91.4,12.86,-7.56,10.22
511,Champasak,56,LA,1553371472,96,71.19,14.89,105.88,2.73
512,Macapa,75,BR,1553371200,79,84.2,0.05,-51.07,11.41
513,Elat,92,CM,1553371476,98,71.37,2.91,11.16,2.51
514,Dawei,0,MM,1553371479,96,72.36,14.07,98.19,1.95
515,Buraydah,0,SA,1553367600,46,69.8,26.33,43.97,4.7
516,Sioux Lookout,20,CA,1553367600,23,50.0,50.1,-91.92,12.75
517,Manjacaze,0,MZ,1553371486,73,76.32,-24.71,33.88,7.65
518,Komsomolskiy,48,RU,1553371488,90,18.9,67.55,63.78,13.69
519,Majdanpek,0,RS,1553371490,69,44.1,44.42,21.94,2.28
520,Platanos,40,GR,1553368800,82,60.01,35.47,23.6,4.7
521,Kiruna,0,SE,1553368800,80,30.2,67.86,20.23,29.97
522,Rubtsovsk,0,RU,1553371497,67,20.43,51.53,81.22,4.63
523,Jumla,0,NP,1553371500,90,22.14,29.28,82.18,2.28
524,Biga,0,TR,1553367000,66,52.0,40.23,27.24,13.87
525,Lincoln,20,GB,1553371205,70,48.2,53.23,-0.54,3.36
526,Nuoro,0,IT,1553368800,76,57.2,40.32,9.33,2.24
527,Poum,0,MK,1553371510,82,35.37,41.28,20.71,1.83
528,Secovce,0,SK,1553371201,42,48.2,48.7,21.66,3.36
529,Luorong,76,CN,1553371515,96,47.52,24.41,109.6,5.41
530,Pampas,92,PE,1553371517,91,46.35,-12.4,-74.87,2.06
531,Tigil,24,RU,1553371520,78,20.7,57.8,158.67,11.12
532,Saint Anthony,90,US,1553371484,70,46.99,43.97,-111.68,4.7
533,Kuruman,12,ZA,1553371248,41,78.01,-27.46,23.43,7.99
534,Gold Coast,0,AU,1553371495,88,75.2,-28.0,153.41,9.17
535,Rapid Valley,75,US,1553371505,70,52.0,44.06,-103.15,14.99
536,Do Gonbadan,0,IR,1553367600,44,60.8,30.36,50.8,1.16
537,Kenora,1,CA,1553371370,56,44.6,49.76,-94.48,13.87
538,Kavos,0,GR,1553371193,70,51.01,38.83,22.83,2.73
539,Russell,0,AR,1553367600,32,82.4,-33.01,-68.8,8.05
540,Sungurlu,20,TR,1553371541,52,34.47,40.17,34.38,9.78
541,Jati,8,PK,1553371543,51,73.17,24.35,68.27,10.45
542,Baoning,20,CN,1553367600,87,48.2,25.34,110.03,2.24
543,Kuytun,64,RU,1553371460,84,22.68,54.34,101.51,3.74
544,Kisangani,48,CD,1553371551,98,74.07,0.52,25.21,2.73
545,San Luis,32,AR,1553371303,33,84.6,-33.3,-66.34,4.41
546,Beboto,12,TD,1553371557,24,84.69,8.27,16.94,7.99
547,Touros,20,BR,1553371200,74,86.0,-5.2,-35.46,6.93
548,Sainte-Agathe-des-Monts,20,CA,1553371424,43,36.0,46.05,-74.28,16.11
549,Palmer,75,US,1553371422,70,48.99,61.6,-149.11,2.28
550,Kanniyakumari,0,IN,1553371367,99,84.24,8.08,77.57,5.19
551,Bilecik,0,TR,1553368800,69,39.2,40.14,29.98,8.05
552,Hella,75,IS,1553371231,100,35.6,63.84,-20.4,26.4
553,Eureka,1,US,1553371422,100,59.0,40.8,-124.16,6.93
554,Xiaoweizhai,92,CN,1553371578,96,39.24,26.23,107.51,3.96
555,Novaya Bryan,40,RU,1553369400,47,33.8,51.72,108.27,8.95
556,Dickinson,1,US,1553371335,76,54.0,46.88,-102.79,10.29
557,Horodnytsya,8,UA,1553371585,66,30.69,50.81,27.32,2.95
558,Charyshskoye,0,RU,1553371588,58,18.0,51.4,83.56,2.62
559,Rutul,75,RU,1553367600,80,41.0,41.53,47.42,9.17
560,Mackay,75,CA,1553367600,52,46.4,53.65,-115.58,6.93
561,Biltine,0,TD,1553371595,24,78.3,14.53,20.93,6.76
562,Hornepayne,0,CA,1553371597,51,43.92,49.22,-84.78,11.68
563,Fort-Shevchenko,8,KZ,1553371600,98,40.95,44.51,50.26,11.79
564,Japura,92,ID,1553371605,97,71.82,-0.42,102.29,2.39
565,Borovskoy,68,KZ,1553371607,66,18.18,53.8,64.15,4.97
566,Manokwari,56,ID,1553371584,100,80.19,-0.87,134.08,7.2
